1 2 1 
1 1 1 1 1 1 1 1 1 1 
3 3 
5 5 
2 1 2 1 2 1 2 1 2 1 2 2 2 1 2 1 1 1 2 1 
2 1 2 1 
2 1 2 1 2 1 2 1 2 1 2 1 2 1 2 1 2 1 2 1 
2 1 2 1 2 1 2 1 2 1 
3 3 
5 5 
3 3 
5 5 
6 6 6 6 6 6 6 6 
1 
7 
7 
6 6 6 6 6 6 6 
2 1 2 1 2 1 2 1 2 1 2 1 2 1 2 1 2 1 2 1 
8 8 8 8 8 8 8 8 8 8 8 8 8 8 8 
9 
3 3 
5 5 
3 3 
5 5 
12 12 12 12 12 12 12 12 12 12 12 12 
3 3 
5 5 
13 
2 1 2 1 2 1 2 1 2 1 2 1 2 1 2 1 2 1 2 1 
3 3 
5 5 
1 1 1 1 1 1 
1 1 1 1 1 1 1 1 1 1 1 1 
1 1 1 1 1 1 1 1 1 1 1 
3 3 
5 5 
2 1 2 1 2 1 2 1 2 1 2 1 2 1 2 1 2 1 2 1 
14 14 14 14 14 14 14 14 14 14 14 14 14 14 14 14 14 14 14 14 14 14 14 
1 1 1 1 1 1 1 1 1 1 
2 1 
3 3 
5 5 
1 1 1 1 1 1 1 1 1 
3 3 
5 5 
15 15 15 15 15 15 15 15 15 15 15 15 15 
3 3 
5 5 
2 1 2 1 2 1 2 1 2 1 2 1 2 1 2 1 2 1 2 1 
12 12 12 12 12 12 12 12 12 12 12 12 12 12 12 12 12 12 
16 16 16 16 16 16 16 16 16 16 16 16 16 
3 3 
5 5 
3 3 
5 5 
1 1 1 1 1 
3 3 
5 5 
1 1 1 1 1 1 1 1 1 
1 1 1 1 1 1 1 1 1 1 
2 1 2 1 2 1 2 1 2 1 
14 14 14 14 14 14 14 14 14 14 14 14 14 14 14 14 14 14 14 14 14 14 14 
3 3 
5 5 
1 1 1 1 1 1 1 1 1 1 
14 14 14 14 14 14 14 14 14 14 14 14 14 14 14 14 14 14 14 14 14 14 14 
1 1 1 1 1 
1 1 1 1 1 1 1 1 
14 14 14 14 14 14 14 
3 3 
5 5 
2 1 2 1 2 1 2 1 2 1 2 1 2 1 2 1 
1 1 1 1 1 1 1 1 1 1 
1 1 1 1 1 
17 18 17 18 17 18 17 18 17 18 17 18 17 17 17 18 18 18 17 18 17 18 17 18 17 18 17 18 17 18 17 18 17 18 17 17 17 18 17 18 17 17 18 18 18 18 
7 7 7 7 7 7 7 7 7 7 7 7 7 7 7 7 7 7 7 7 
32 32 32 32 32 32 32 32 32 32 32 32 32 32 32 32 32 32 32 32 32 32 32 
3 3 
5 5 
32 32 32 32 32 32 32 32 32 32 32 32 32 32 32 32 32 32 32 32 32 32 32 
32 32 32 32 32 32 32 32 32 32 32 32 32 32 32 32 32 32 32 32 32 32 32 
1 1 1 1 1 1 1 1 1 1 1 1 1 1 1 1 
1 1 1 1 1 1 1 1 1 1 1 1 1 1 1 1 1 1 1 1 1 1 1 1 1 1 1 1 1 1 1 1 1 1 1 1 1 1 1 1 1 1 1 1 1 1 
1 1 1 1 1 1 1 1 1 1 1 1 1 1 1 1 1 1 
1 1 1 1 1 1 1 1 1 1 
1 1 1 1 1 1 1 1 1 1 
3 3 
5 5 
2 1 33 
1 1 1 1 1 1 1 1 1 1 
3 3 
5 5 
1 1 1 1 1 1 1 1 1 1 
3 3 
5 5 
7 7 7 7 7 7 
3 3 
5 5 
1 1 
1 1 1 1 
1 1 
1 1 1 1 1 1 1 1 1 1 
3 3 
5 5 
30 30 30 30 30 30 30 30 30 30 30 30 30 30 30 30 30 30 30 30 30 30 
3 3 
5 
5 
34 34 34 34 34 34 34 34 34 34 34 34 34 34 34 34 34 34 34 34 34 34 34 
35 35 
3 3 
5 5 
35 35 35 35 35 35 35 35 35 35 35 35 35 35 35 35 35 35 35 
35 35 35 35 35 35 35 35 35 35 35 
35 35 35 35 35 35 35 35 35 35 35 35 35 35 35 35 35 35 35 35 35 35 35 
35 35 35 35 35 35 35 35 35 
1 1 1 
35 35 35 35 35 35 35 35 35 35 35 35 35 35 35 35 35 35 35 35 35 
35 35 
35 35 35 35 35 35 35 35 35 35 35 35 35 35 35 35 35 
35 35 35 35 35 35 
35 35 35 35 35 35 35 35 35 35 35 35 35 35 35 35 35 35 35 35 35 35 35 
35 35 35 35 35 35 35 35 35 35 35 35 35 35 35 35 35 35 35 35 35 35 35 
35 35 35 35 35 35 35 35 35 35 35 35 35 35 35 35 35 35 35 35 35 35 35 
23 23 23 23 23 23 23 23 23 23 23 23 23 23 23 23 23 23 23 23 23 
3 3 
5 5 
2 1 2 1 2 1 2 1 2 1 2 1 2 1 2 1 2 1 2 1 
3 3 
5 5 
1 1 1 1 1 1 1 1 1 1 
3 3 
5 5 
2 1 2 1 2 1 2 1 2 1 
1 1 1 1 
3 3 
5 5 
36 36 36 36 36 36 36 36 36 36 36 36 36 36 36 36 36 36 36 36 36 36 36 
1 1 
3 3 
5 5 
15 15 15 15 15 15 15 15 15 15 15 15 15 15 15 15 15 15 15 15 15 15 15 
36 36 36 36 36 36 36 36 36 36 36 36 36 36 36 36 36 36 36 36 36 36 37 
3 3 
5 5 
1 
1 1 1 1 1 1 1 1 1 1 
37 37 37 37 37 37 37 37 37 37 37 37 37 37 37 37 37 37 37 37 37 37 37 38 38 
3 3 
5 5 
1 1 1 1 1 
22 22 22 22 22 22 22 22 22 22 22 22 22 22 22 22 22 22 22 
3 3 
5 5 
23 23 23 23 23 23 23 23 23 23 23 23 23 23 23 23 23 23 23 23 23 23 23 
39 
39 
39 
39 
39 
39 
39 
39 
39 
39 
39 
39 
39 
39 
39 
39 
40 40 41 40 41 40 
30 30 30 30 30 30 30 30 30 30 30 30 30 30 30 30 30 30 30 
3 3 
5 5 
42 42 42 42 42 42 42 42 42 42 42 42 42 42 42 42 42 42 42 42 42 42 42 
1 1 1 1 1 1 1 
1 1 1 1 1 1 1 1 1 1 1 1 
1 1 1 1 
3 3 
5 5 
43 
65 105 108 
